[1,["62C2vzA2lFYIN/KiwAtzwm","12Y9dMgWdJKJGmTiZyQR9H@a804a","f6SJZOjTJB/JrJeh5xTdF7","2ewRRY+FVJeLFN8+1c9pf6","12Y9dMgWdJKJGmTiZyQR9H@fc873","058GL2Dn1I/YVt/IkXBhGY@99380","3forw2RoxPd4WO2zQCj8Ky","2eadkSNT9LDaqL105twkii","63vUWzXZNGFLIb7jZjnm1X","27hpHvSVBLTa0S68U/md+A","c2m9lJhUZKyb0BhN8/X/tJ","aesbKyHCxBqI3eIcqx5mbG@201de","1dhdyMhf5FvZsQ63aTMtCZ@6c48a","9a0LosyUFAnLmABys86MI2@18d6f","f0mZk9iQZFkZxUfmKOhtC7@201de","63/l8NidJOUKnqEImfxUlg@201de","c9s78hRiRGgL6G9cM/xXKD","8aWLxVmRxOW6clOULrTSB+","46/5PPKqlGb6M8tGRwPJqt","b9VqDtMudD7auoMSsnplrW","12fe9b848@6c48a","d1NGQ2rJZCcbhjH0/erZWw","37sWFlzylAI6oy+8wSWEr1@18d6f","97BUQes9JOOpEO0DOojGUy@18d6f","74Nul6S/5BopVQVBTKmef8@18d6f","c89m0XNRpI2qEsAhLShXXE","f9/R4g2+JMeZ55EfYcZKl1@fd5ab","f9/R4g2+JMeZ55EfYcZKl1@438fe","97G9sjP/ZD67QiHDAWWjZj","afou0aRFZORLW7nVPPno6A","058GL2Dn1I/YVt/IkXBhGY@0265b","058GL2Dn1I/YVt/IkXBhGY@30732","058GL2Dn1I/YVt/IkXBhGY@5b0dc","058GL2Dn1I/YVt/IkXBhGY@f1394","058GL2Dn1I/YVt/IkXBhGY@9685c","058GL2Dn1I/YVt/IkXBhGY@75ee4","058GL2Dn1I/YVt/IkXBhGY@caa7c","058GL2Dn1I/YVt/IkXBhGY@a72ab","058GL2Dn1I/YVt/IkXBhGY@06000","058GL2Dn1I/YVt/IkXBhGY@9698a","058GL2Dn1I/YVt/IkXBhGY@2224c","058GL2Dn1I/YVt/IkXBhGY@cbc29","058GL2Dn1I/YVt/IkXBhGY@62756","058GL2Dn1I/YVt/IkXBhGY@8e216","058GL2Dn1I/YVt/IkXBhGY@7d08b","058GL2Dn1I/YVt/IkXBhGY@71e6a","058GL2Dn1I/YVt/IkXBhGY@b5902","058GL2Dn1I/YVt/IkXBhGY@94707","058GL2Dn1I/YVt/IkXBhGY@2d5df","058GL2Dn1I/YVt/IkXBhGY@1accf","058GL2Dn1I/YVt/IkXBhGY@8feb8","058GL2Dn1I/YVt/IkXBhGY@52c5b","058GL2Dn1I/YVt/IkXBhGY@ad32d","5915JlGcRKJKBTEwVag2VS@6c48a","5emTV1w3hKSbuWdv8xBLlC@6c48a","43zegvkeZIR66NHJG8YU+Q@201de","f9/R4g2+JMeZ55EfYcZKl1@6ed4a","09xzbAKHFKdaplCICZCHMv@6c48a","13/h9c1fpOhqjMCHcYZOtc","6ffNueNVBLAobkBG/Az6/+@6c48a","a319XJamhKwLt/D7WudkmM","d5O63wSgVD+pSzESLjO8XY@db4d2","09xyC4jGZI87Ru/INqKL3F@f27c1","09xyC4jGZI87Ru/INqKL3F@db4d2","09xyC4jGZI87Ru/INqKL3F@6363a","09xyC4jGZI87Ru/INqKL3F@4c5ce","a70fKNAsxDVIajkw1LW48v@cf956","39iwjUvHRPJIZGYfSEIT2l@10b30","0fHzOjvbdIwKxglMpVe1Mz@db4d2","0fHzOjvbdIwKxglMpVe1Mz@d90a4","0fHzOjvbdIwKxglMpVe1Mz@50b4e","0fHzOjvbdIwKxglMpVe1Mz@1c2f4","39iwjUvHRPJIZGYfSEIT2l@8e477","39iwjUvHRPJIZGYfSEIT2l@db4d2","39iwjUvHRPJIZGYfSEIT2l@6363a","39iwjUvHRPJIZGYfSEIT2l@93ddc","11GkHN1tlD84qjh4eM0npR@6c48a","9eW4qdf2xP06OVw06LkhTk","beIMv6KOdIp6pcyrV232+L","65Sb0+UZNG1YwsCAUVJ284","f0XoL5h9xIaprHcl2IKqiM@6c48a","7a1R+dWqBOEb17WanH1HGN@db4d2","7a1R+dWqBOEb17WanH1HGN@d90a4","7a1R+dWqBOEb17WanH1HGN@6363a","7a1R+dWqBOEb17WanH1HGN@50b4e","7a1R+dWqBOEb17WanH1HGN@cd46f","c1yZVyDvNOXIuRBppskL1H@6c48a","94QGjPfYRLEKEcy81qGwdO@c511c","94QGjPfYRLEKEcy81qGwdO@cd5dd","94QGjPfYRLEKEcy81qGwdO@6230f","94QGjPfYRLEKEcy81qGwdO@05fe2","8bXP7qsGFNS4If448XWx97@6c48a","a07fNcDPBCUKxg09/vO91d@6c48a","a70fKNAsxDVIajkw1LW48v@8e477","a70fKNAsxDVIajkw1LW48v@db4d2","a70fKNAsxDVIajkw1LW48v@da822","d6CsjpzylClqkgRTDlKH2X@40991","bdBWn64RRLbKzxERbAFCvl@6c48a","90fRoq1MlEiLDln6yFYkDf@6c48a","a1nIHqfX1Af6AcuMKan15v@6c48a","d98+ozdeNNO4Eu1V3wJAt2","b60bOerJJLf4whwnFzCKwI","94/8J5JtxNppaqnLSskrno","72U65lA29CWY12HX0A2dzr","d5O63wSgVD+pSzESLjO8XY@f27c1","d5O63wSgVD+pSzESLjO8XY@39ae4","d6CsjpzylClqkgRTDlKH2X@122ba","d6CsjpzylClqkgRTDlKH2X@1ef3c","d6CsjpzylClqkgRTDlKH2X@e6821","d6CsjpzylClqkgRTDlKH2X@eed64","f4IFYByYtJ3p5iAcM7BOt6@b1594","f7fHtXBQhGErgw8mqg46xJ@da13f","f7fHtXBQhGErgw8mqg46xJ@62ec5","f7fHtXBQhGErgw8mqg46xJ@bd557","f7fHtXBQhGErgw8mqg46xJ@d100c","f7fHtXBQhGErgw8mqg46xJ@19c61","0fHzOjvbdIwKxglMpVe1Mz@37cd5","7a1R+dWqBOEb17WanH1HGN@fca44","d5O63wSgVD+pSzESLjO8XY@60d2a","09xyC4jGZI87Ru/INqKL3F@5d009"],["_parent","node","_mesh","_effectAsset","root","data","_skeleton","mainTexture","_defaultClip","asset","value","_particleSystem","_cpuMaterial","_gpuMaterial","_mainTexture","_textureSource","targetInfo","scene","normalMap"],[["cc.Node",["_name","_active","_objFlags","__editorExtras__","_parent","_prefab","_components","_lpos","_children","_lrot","_euler","_lscale"],-1,1,4,9,5,2,5,5,5],"cc.Texture2D","cc.ImageAsset",["cc.Node",["_name","_prefab","_children","_lpos","_parent","_components","_lrot","_euler","_lscale"],2,4,9,5,1,2,5,5,5],["cc.CurveRange",["mode","constantMax","constantMin","multiplier","constant","spline"],-2,4],["cc.RealKeyframeValue",["rightTangent","leftTangent","interpolationMode","value","rightTangentWeight","leftTangentWeight"],-3],["cc.Node",["_name","_id","_active","_children","_parent","_components","_prefab","_lpos","_lrot","_euler"],0,12,1,9,4,5,5,5],["cc.MeshRenderer",["_name","_shadowReceivingMode","node","_materials","bakeSettings","_mesh","__prefab"],1,1,3,4,6,4],"cc.SpriteFrame",["cc.Material",["_states","_defines","_name","_techIdx","_props"],-1,12],["cc.SkeletalAnimation",["playOnLoad","node","__prefab","_clips","_defaultClip"],2,1,4,3,6],["cc.ParticleSystem",["startRotation3D","_simulationSpace","_capacity","duration","loop","node","__prefab","_materials","startColor","startSizeX","startSizeY","startSizeZ","startSpeed","startRotationX","startRotationY","startRotationZ","startDelay","startLifetime","gravityModifier","rateOverTime","rateOverDistance","_colorOverLifetimeModule","_shapeModule","_sizeOvertimeModule","_velocityOvertimeModule","_forceOvertimeModule","_limitVelocityOvertimeModule","_rotationOvertimeModule","_textureAnimationModule","_noiseModule","_trailModule","renderer","bursts"],-2,1,4,12,4,4,4,4,4,4,4,4,4,4,4,4,4,4,4,4,4,4,4,4,4,4,4,4,9],["cc.GradientRange",["_mode","color","gradient"],2,5,4],["cc.Material",["_name","_props","_states","_defines"],-1],["cc.SkinnedMeshRenderer",["_shadowCastingMode","_shadowReceivingMode","node","__prefab","_materials","bakeSettings","_skinningRoot","_mesh","_skeleton"],1,1,4,3,4,1,6,6],["cc.Animation",["node","__prefab","_clips","_defaultClip"],3,1,4,3,6],["SwitchChildrenCC",["backupDescribe","_index","node","__prefab"],1,1,4],["cc.PrefabInstance",["fileId","prefabRootNode","propertyOverrides","mountedChildren","removedComponents"],2,1,9,9,9],["cc.Gradient",["alphaKeys","colorKeys"],3,9,9],["cc.ShapeModule",["_angle","_enable","_shapeType","sphericalDirectionAmount","emitFrom","radius","_arc","arcSpeed","_scale"],-4,4,5],["cc.LimitVelocityOvertimeModule",["dampen","limitX","limitY","limitZ","limit"],2,4,4,4,4],["cc.TextureAnimationModule",["_numTilesX","_numTilesY","cycleCount","_enable","frameOverTime","startFrame"],-1,4,4],["cc.ParticleSystemRenderer",["_useGPU","_renderMode","_cpuMaterial","_gpuMaterial","_mainTexture","_mesh"],1,6,6,6,6],["cc.EffectAsset",["_name","shaders","techniques","combinations"],-1],["cc.ColorKey",["time","color"],2,5],"cc.SpriteAtlas",["cc.Mesh",["_native","_hash","_struct"],1,11],["cc.Skeleton",["_name","_hash","_joints","_bindposes"],0,12],["cc.Prefab",["_name"],2],["cc.Node",["_name","_parent","_children","_components","_prefab"],2,1,2,2,4],["cc.CompPrefabInfo",["fileId"],2],["cc.PrefabInfo",["fileId","instance","targetOverrides","nestedPrefabInstanceRoots","root","asset"],-1,1,1],["cc.PrefabInfo",["fileId","instance","targetOverrides","root","asset","nestedPrefabInstanceRoots"],0,1,1,2],["cc.PrefabInfo",["fileId","targetOverrides","nestedPrefabInstanceRoots","root","instance","asset"],0,1,4,6],["cc.PrefabInfo",["root","asset","fileId","instance","targetOverrides","nestedPrefabInstanceRoots"],-3],["cc.ModelBakeSettings",[],3],["cc.MeshRenderer",["_materials","node","__prefab","bakeSettings","_mesh"],2,1,4,4,6],["7b0ffv7449LyKplGr5PQ+nz",["backupDescribe","node","__prefab"],2,1,4],["cc.BoxCollider",["node","__prefab","_center","_size"],3,1,4,5,5],["cc.TargetInfo",["localID"],2],["CCPropertyOverrideInfo",["value","propertyPath","targetInfo"],1,1],["CCPropertyOverrideInfo",["propertyPath","targetInfo","value"],2,1,8],["CCPropertyOverrideInfo",["propertyPath","targetInfo","value"],2,4,6],["CCPropertyOverrideInfo",["propertyPath","targetInfo","value"],2,1,6],["cc.ParticleSystem",["startRotation3D","duration","loop","_capacity","_simulationSpace","_materials","node","__prefab","startColor","startSizeX","startSizeY","startSizeZ","startSpeed","startRotationX","startRotationY","startRotationZ","startDelay","startLifetime","gravityModifier","rateOverTime","rateOverDistance","bursts","_colorOverLifetimeModule","_shapeModule","_sizeOvertimeModule","_velocityOvertimeModule","_forceOvertimeModule","_limitVelocityOvertimeModule","_rotationOvertimeModule","_textureAnimationModule","_noiseModule","_trailModule","renderer"],-3,1,4,4,4,4,4,4,4,4,4,4,4,4,4,4,9,4,4,4,4,4,4,4,4,4,4,4],["cc.ColorOvertimeModule",["_enable","color"],2,4],["cc.AlphaKey",["alpha","time"],1],["cc.SizeOvertimeModule",["_enable","size","x","y","z"],2,4,4,4,4],["cc.RealCurve",["_times","_values"],2,9],["cc.VelocityOvertimeModule",["x","y","z","speedModifier"],3,4,4,4,4],["cc.ForceOvertimeModule",["x","y","z"],3,4,4,4],["cc.RotationOvertimeModule",["x","y","z"],3,4,4,4],["cc.NoiseModule",[],3],["cc.TrailModule",["lifeTime","widthRatio","colorOverTrail","colorOvertime","_particleSystem"],3,4,4,4,4,1],["cc.SceneAsset",["_name"],2],["bea3awAp/FIgrr/BnoRJI8Z",["backupDescribe","node"],2,1],["cc.Camera",["_projection","_priority","_fov","_orthoHeight","_far","_clearFlags","_visibility","node"],-4,1],["bbbe5+Uq+lKDqxjHfKCqBhy",["backupDescribe","node"],2,1],["cc.Scene",["_name","_children","_prefab","_globals"],2,2,4,4],["cc.SceneGlobals",["ambient","shadows","_skybox","fog","octree","skin","lightProbeInfo","postSettings"],3,4,4,4,4,4,4,4,4],["cc.AmbientInfo",["_skyColorHDR","_groundAlbedoHDR","_skyColorLDR"],3,5,5,5],["cc.ShadowsInfo",["_enabled","_shadowColor","_size"],2,5,5],["cc.SkyboxInfo",[],3],["cc.FogInfo",[],3],["cc.OctreeInfo",[],3],["cc.SkinInfo",["_enabled"],2],["cc.LightProbeInfo",[],3],["cc.PostSettingsInfo",[],3],["cc.DirectionalLight",["_colorTemperature","_visibility","_illuminanceHDR","node","_color","_staticSettings"],0,1,5,4],["cc.StaticLightSettings",[],3],["478edA+1oFArZt361aATWTr",["backupDescribe","node","__prefab"],2,1,4],["fa5d9Dh59ZGmofvllzlv5Ru",["backupDescribe","node","__prefab"],2,1,4],["cc.Burst",["count"],3,4],["096c9596ohHQb4pduw/cXJ/",["backupDescribe","node","__prefab"],2,1,4],["d0ce4oX1XpNkIcRt9L74+dT",["backupDescribe","node","__prefab"],2,1,4],["44dbfh2bhpN3JXGN679DwqF",["backupDescribe","node","__prefab"],2,1,4],["cc.MountedChildrenInfo",["targetInfo","nodes"],3,4,2]],[[31,0,1,2,3,4,5,5],[0,0,4,8,5,7,9,10,2],[4,1],[3,0,4,2,1,3,6,7,2],[30,0,2],[0,0,4,5,7,2],[35,1],[9,2,0,1,4,4],[4,4,2],[28,0,2],[0,0,8,5,7,9,10,2],[26,0,1,2,3],[7,0,2,3,4,5,2],[0,0,4,6,7,11,2],[14,2,3,4,5,6,7,8,1],[41,0,1,2,2],[46,0,1,3],[0,0,8,6,5,2],[39,0,2],[0,0,4,6,5,11,2],[7,0,2,6,3,4,5,2],[12,1],[0,0,4,5,7,9,10,2],[27,0,1,2,3,4],[4,0,5,2],[48,0,1,2],[5,3,0,4,1,5,6],[0,0,8,5,2],[0,0,1,4,5,7,9,11,10,3],[0,0,4,6,5,7,11,2],[0,0,4,5,7,9,11,10,2],[15,0,1,2,3,1],[40,0,1,2,3],[0,0,8,5,7,2],[0,0,4,8,5,7,2],[0,0,1,4,6,5,11,3],[3,0,4,2,1,3,2],[5,2,3,3],[7,2,6,3,4,5,1],[7,0,1,2,6,3,4,5,3],[0,2,3,4,5,3],[0,0,4,8,5,2],[33,0,1,2,3,4,5,4],[5,0,4,1,5,5],[9,2,3,0,1,4,5],[0,0,4,8,5,11,2],[0,0,4,6,5,7,9,11,10,2],[0,0,4,6,5,2],[36,0,1,2,3,4,2],[17,0,1,2,2],[12,0,2,2],[4,0,2,1,4],[4,3,2],[4,0,1,3],[45,0,1,2],[47,0,1,2,3,4,2],[5,2,3,0,1,5],[49,0,1,2,3,1],[50,0,1,2,1],[51,0,1,2,1],[52,1],[53,0,1,2,3,4,1],[0,0,4,2],[42,0,1,2,2],[0,0,4,8,5,7,9,11,10,2],[0,0,4,6,5,9,10,2],[0,0,4,8,6,5,2],[0,0,1,4,6,5,3],[32,0,1,2,3,4,5,4],[38,0,1,2,3,1],[16,0,2,3,2],[21,3,0,1,2,4,5,5],[23,0,1,2,4],[0,0,8,6,5,7,2],[0,0,1,4,8,5,3],[0,0,4,6,5,7,2],[3,0,4,5,1,3,2],[37,0,1,2,2],[12,1,1],[18,0,1],[18,1,0,1],[19,1,2,3,0,7,8,5],[19,4,5,6,0,7,5],[5,2,0,1,4],[20,1,2,3,4,1],[20,0,1,2,3,4,2],[22,0,2,3,4,2],[22,1,5,2,3,4,2],[72,0,1],[24,0,2],[0,0,4,7,2],[0,0,4,6,7,9,10,2],[0,0,4,5,2],[0,0,8,6,5,11,2],[0,0,4,6,5,9,11,10,2],[3,0,4,5,1,2],[6,0,4,3,6,7,8,9,2],[10,1,2,1],[10,0,1,2,3,4,2],[14,0,1,2,3,4,5,6,7,8,3],[43,0,1,2,2],[11,0,2,1,5,6,7,8,9,10,11,12,13,14,15,16,17,18,19,20,21,22,23,24,25,26,27,28,29,30,31,4],[44,0,1,2,3,4,5,6,7,8,9,10,11,12,13,14,15,16,17,18,19,20,21,22,23,24,25,26,27,28,29,30,31,32,7],[21,0,1,2,4,5,4],[70,0,1,2,2],[24,0,1,2],[9,0,1,4,3],[13,0,1,2,3,5],[13,0,1,3],[0,0,1,8,7,3],[0,0,4,7,11,2],[0,0,4,6,9,10,2],[0,0,4,8,2],[0,0,4,6,9,11,10,2],[0,0,4,8,7,2],[0,0,4,8,6,5,11,2],[0,0,8,6,5,9,10,2],[0,0,4,6,5,7,9,10,2],[0,0,8,6,5,7,9,11,10,2],[0,0,4,8,6,5,7,2],[3,0,2,1,3,8,2],[3,0,4,2,3,2],[3,0,2,1,2],[3,0,2,1,3,2],[6,0,1,3,5,3],[6,0,2,3,3],[6,0,4,3,2],[29,0,1,2,3,4,2],[10,1,2,3,1],[34,0,1,2,3,4,5,7],[15,0,1,1],[16,0,1,2,3,3],[17,0,1,3,2,4,2],[11,0,1,5,6,7,8,9,10,11,12,13,14,15,16,17,18,19,20,21,22,23,24,25,26,27,28,29,30,31,3],[11,0,3,4,2,1,5,6,7,8,9,10,11,12,13,14,15,16,17,18,19,20,32,21,22,23,24,25,26,27,28,29,30,31,6],[54,0,2],[55,0,1,2],[56,0,1,2,3,4,5,6,7,8],[57,0,1,2],[58,0,1,2,3,2],[59,0,1,2,3,4,5,6,7,1],[60,0,1,2,1],[61,0,1,2,2],[62,1],[63,1],[64,1],[65,0,2],[66,1],[67,1],[68,0,1,2,3,4,5,4],[69,1],[23,0,3,1,2,5],[71,0,1,2,2],[73,0,1,2,2],[74,0,1,2,2],[75,0,1,2,2],[76,0,1,1]],[[[[7,"2",[{"rasterizerState":{},"depthStencilState":{},"blendState":{"targets":[{}]}},{"rasterizerState":{},"depthStencilState":{},"blendState":{"targets":[{}]}},{"rasterizerState":{},"depthStencilState":{},"blendState":{"targets":[{}]}},{"rasterizerState":{},"depthStencilState":{},"blendState":{"targets":[{}]}}],[{"DCC_APP_NAME":2,"HAS_EXPORTED_METALLIC":true},{},{},{}],[[[{"shininessExponent":15},"mainColor",8,[4,4282887475]],{},{},{}],11,0,0,0]]],0,0,[0],[3],[2]],[[[11,".bin",4062380207,[{"primitives":[{"primitiveMode":7,"jointMapIndex":0,"vertexBundelIndices":[0],"indexView":{"offset":121520,"length":12912,"count":6456,"stride":2}}],"vertexBundles":[{"view":{"offset":0,"length":121520,"count":1519,"stride":80},"attributes":[{"name":"a_position","format":32,"isNormalized":false},{"name":"a_normal","format":32,"isNormalized":false},{"name":"a_texCoord","format":21,"isNormalized":false},{"name":"a_tangent","format":44,"isNormalized":false},{"name":"a_joints","format":42,"isNormalized":false},{"name":"a_weights","format":44,"isNormalized":false},{"name":"a_texCoord1","format":21,"isNormalized":false}]}],"jointMaps":[[0,1,2,3,4,5,6,7,8,9,10,25,26,27,28,29,44,45,46,47,48,49,50,51]]},"minPosition",8,[1,-0.007322450168430805,-8.203564334507973e-7,-0.0022097742184996605],"maxPosition",8,[1,0.00732246832922101,0.013960360549390316,0.0033096550032496452]]],-1],0,0,[],[],[]],[[[7,"Stickman-Material",[{"rasterizerState":{},"blendState":{"targets":[{}]},"depthStencilState":{}}],[{"DCC_APP_NAME":2,"HAS_EXPORTED_METALLIC":true}],[[[{"shininessExponent":25,"emissiveScale":1,"metallic":0,"specularFactor":0.25,"transparencyFactor":0},"mainColor",8,[4,4293388263],"emissive",8,[4,4278190080]]],11]]],0,0,[0],[3],[2]],[[[11,".bin",3087851302,[{"primitives":[{"primitiveMode":7,"jointMapIndex":0,"vertexBundelIndices":[0],"indexView":{"offset":151760,"length":16056,"count":8028,"stride":2}}],"vertexBundles":[{"view":{"offset":0,"length":151760,"count":1897,"stride":80},"attributes":[{"name":"a_position","format":32,"isNormalized":false},{"name":"a_normal","format":32,"isNormalized":false},{"name":"a_texCoord","format":21,"isNormalized":false},{"name":"a_tangent","format":44,"isNormalized":false},{"name":"a_joints","format":42,"isNormalized":false},{"name":"a_weights","format":44,"isNormalized":false},{"name":"a_texCoord1","format":21,"isNormalized":false}]}],"jointMaps":[[0,1,2,3,4,5,6,7,8,9,10,25,26,27,28,29,44,45,46,47,48,49,50,51]]},"minPosition",8,[1,-0.007358767557889223,-8.120220513774257e-7,-0.002237959997728467],"maxPosition",8,[1,0.007358778268098831,0.013952447101473808,0.0033096554689109325]]],-1],0,0,[],[],[]],[[[23,"Skin-4",3230576043,["Armature/Hips","Armature/Hips/Spine","Armature/Hips/Spine/Spine1","Armature/Hips/Spine/Spine1/Spine2","Armature/Hips/Spine/Spine1/Spine2/Neck","Armature/Hips/Spine/Spine1/Spine2/Neck/Head","Armature/Hips/Spine/Spine1/Spine2/LeftShoulder","Armature/Hips/Spine/Spine1/Spine2/LeftShoulder/LeftArm","Armature/Hips/Spine/Spine1/Spine2/LeftShoulder/LeftArm/LeftForeArm","Armature/Hips/Spine/Spine1/Spine2/LeftShoulder/LeftArm/LeftForeArm/LeftHand","Armature/Hips/Spine/Spine1/Spine2/LeftShoulder/LeftArm/LeftForeArm/LeftHand/LeftHandThumb1","Armature/Hips/Spine/Spine1/Spine2/LeftShoulder/LeftArm/LeftForeArm/LeftHand/LeftHandThumb1/LeftHandThumb2","Armature/Hips/Spine/Spine1/Spine2/LeftShoulder/LeftArm/LeftForeArm/LeftHand/LeftHandThumb1/LeftHandThumb2/LeftHandThumb3","Armature/Hips/Spine/Spine1/Spine2/LeftShoulder/LeftArm/LeftForeArm/LeftHand/LeftHandIndex1","Armature/Hips/Spine/Spine1/Spine2/LeftShoulder/LeftArm/LeftForeArm/LeftHand/LeftHandIndex1/LeftHandIndex2","Armature/Hips/Spine/Spine1/Spine2/LeftShoulder/LeftArm/LeftForeArm/LeftHand/LeftHandIndex1/LeftHandIndex2/LeftHandIndex3","Armature/Hips/Spine/Spine1/Spine2/LeftShoulder/LeftArm/LeftForeArm/LeftHand/LeftHandMiddle1","Armature/Hips/Spine/Spine1/Spine2/LeftShoulder/LeftArm/LeftForeArm/LeftHand/LeftHandMiddle1/LeftHandMiddle2","Armature/Hips/Spine/Spine1/Spine2/LeftShoulder/LeftArm/LeftForeArm/LeftHand/LeftHandMiddle1/LeftHandMiddle2/LeftHandMiddle3","Armature/Hips/Spine/Spine1/Spine2/LeftShoulder/LeftArm/LeftForeArm/LeftHand/LeftHandRing1","Armature/Hips/Spine/Spine1/Spine2/LeftShoulder/LeftArm/LeftForeArm/LeftHand/LeftHandRing1/LeftHandRing2","Armature/Hips/Spine/Spine1/Spine2/LeftShoulder/LeftArm/LeftForeArm/LeftHand/LeftHandRing1/LeftHandRing2/LeftHandRing3","Armature/Hips/Spine/Spine1/Spine2/LeftShoulder/LeftArm/LeftForeArm/LeftHand/LeftHandPinky1","Armature/Hips/Spine/Spine1/Spine2/LeftShoulder/LeftArm/LeftForeArm/LeftHand/LeftHandPinky1/LeftHandPinky2","Armature/Hips/Spine/Spine1/Spine2/LeftShoulder/LeftArm/LeftForeArm/LeftHand/LeftHandPinky1/LeftHandPinky2/LeftHandPinky3","Armature/Hips/Spine/Spine1/Spine2/RightShoulder","Armature/Hips/Spine/Spine1/Spine2/RightShoulder/RightArm","Armature/Hips/Spine/Spine1/Spine2/RightShoulder/RightArm/RightForeArm","Armature/Hips/Spine/Spine1/Spine2/RightShoulder/RightArm/RightForeArm/RightHand","Armature/Hips/Spine/Spine1/Spine2/RightShoulder/RightArm/RightForeArm/RightHand/RightHandThumb1","Armature/Hips/Spine/Spine1/Spine2/RightShoulder/RightArm/RightForeArm/RightHand/RightHandThumb1/RightHandThumb2","Armature/Hips/Spine/Spine1/Spine2/RightShoulder/RightArm/RightForeArm/RightHand/RightHandThumb1/RightHandThumb2/RightHandThumb3","Armature/Hips/Spine/Spine1/Spine2/RightShoulder/RightArm/RightForeArm/RightHand/RightHandIndex1","Armature/Hips/Spine/Spine1/Spine2/RightShoulder/RightArm/RightForeArm/RightHand/RightHandIndex1/RightHandIndex2","Armature/Hips/Spine/Spine1/Spine2/RightShoulder/RightArm/RightForeArm/RightHand/RightHandIndex1/RightHandIndex2/RightHandIndex3","Armature/Hips/Spine/Spine1/Spine2/RightShoulder/RightArm/RightForeArm/RightHand/RightHandMiddle1","Armature/Hips/Spine/Spine1/Spine2/RightShoulder/RightArm/RightForeArm/RightHand/RightHandMiddle1/RightHandMiddle2","Armature/Hips/Spine/Spine1/Spine2/RightShoulder/RightArm/RightForeArm/RightHand/RightHandMiddle1/RightHandMiddle2/RightHandMiddle3","Armature/Hips/Spine/Spine1/Spine2/RightShoulder/RightArm/RightForeArm/RightHand/RightHandRing1","Armature/Hips/Spine/Spine1/Spine2/RightShoulder/RightArm/RightForeArm/RightHand/RightHandRing1/RightHandRing2","Armature/Hips/Spine/Spine1/Spine2/RightShoulder/RightArm/RightForeArm/RightHand/RightHandRing1/RightHandRing2/RightHandRing3","Armature/Hips/Spine/Spine1/Spine2/RightShoulder/RightArm/RightForeArm/RightHand/RightHandPinky1","Armature/Hips/Spine/Spine1/Spine2/RightShoulder/RightArm/RightForeArm/RightHand/RightHandPinky1/RightHandPinky2","Armature/Hips/Spine/Spine1/Spine2/RightShoulder/RightArm/RightForeArm/RightHand/RightHandPinky1/RightHandPinky2/RightHandPinky3","Armature/Hips/LeftUpLeg","Armature/Hips/LeftUpLeg/LeftLeg","Armature/Hips/LeftUpLeg/LeftLeg/LeftFoot","Armature/Hips/LeftUpLeg/LeftLeg/LeftFoot/LeftToeBase","Armature/Hips/RightUpLeg","Armature/Hips/RightUpLeg/RightLeg","Armature/Hips/RightUpLeg/RightLeg/RightFoot","Armature/Hips/RightUpLeg/RightLeg/RightFoot/RightToeBase"],[[[7,0.9999998807907104,-4.729372449219227e-10,5.82075602995058e-11,0,4.729372449219227e-10,0.9999998807907104,-7.666187684662873e-10,0,-5.8207567238399704e-11,7.666188794885898e-10,1,0,-1.4511897239444238e-10,-0.007120975758880377,-0.00008177932613762096,1],[7,0.9999998807907104,-4.724581281756457e-10,6.197592439249888e-11,0,4.729371894107715e-10,0.9999680519104004,-0.007971914485096931,0,-5.820756376895275e-11,0.007971915416419506,0.9999681115150452,0,-1.4511897239444238e-10,-0.008379326201975346,-0.000025008912416524254,1],[7,0.9999998807907104,-4.724581281756457e-10,6.197593133139279e-11,0,4.729371894107715e-10,0.9999680519104004,-0.007971934974193573,0,-5.82075602995058e-11,0.007971935905516148,0.9999681115150452,0,-1.4511897239444238e-10,-0.009846908040344715,-0.0000250087305175839,1],[7,0.9999998807907104,-4.72401784357146e-10,6.240417210756632e-11,0,4.729372449219227e-10,0.9999604225158691,-0.008878359571099281,0,-5.820756376895275e-11,0.008878360502421856,0.9999604821205139,0,-1.4511897239444238e-10,-0.011524161323904991,-0.000014562593605660368,1],[7,1,-4.730696945287605e-10,5.712139788949244e-11,0,4.729372449219227e-10,0.9999973773956299,0.0022963236551731825,0,-5.8207567238399704e-11,-0.002296323888003826,0.9999974370002747,0,-1.451189862722302e-10,-0.013410069979727268,-0.0001627141173230484,1],[7,1,-4.730696945287605e-10,5.712139095059854e-11,0,4.729371894107715e-10,0.9999973773956299,0.0022963262163102627,0,-5.82075602995058e-11,-0.00229632668197155,0.9999973773956299,0,-1.451189862722302e-10,-0.014506145380437374,-0.0001627141173230484,1],[7,0.0010581024689599872,0.9501581192016602,-0.311766117811203,0,0.00799679383635521,-0.3117644488811493,-0.950125515460968,0,-0.9999675750732422,-0.001487799920141697,-0.007928097620606422,0,0.000024722172383917496,0.0032745194621384144,0.012735942378640175,1],[7,-0.02010353095829487,0.9997934103012085,0.0029839167837053537,0,0.01493808813393116,0.0032845542300492525,-0.9998829364776611,0,-0.9996864795684814,-0.020056601613759995,-0.015001032501459122,0,-0.000007648091923329048,-0.00262794503942132,0.012546378187835217,1],[7,0.08827081322669983,0.9960901141166687,-0.003558687400072813,0,0.015205955132842064,-0.004919710569083691,-0.9998721480369568,0,-0.9959806799888611,0.08820541948080063,-0.015580764971673489,0,-0.0005633304826915264,-0.0050188577733933926,0.012579618953168392,1],[7,0.10047454386949539,0.9937686920166016,0.04825669527053833,0,0.10002989321947098,0.038166698068380356,-0.99425208568573,0,-0.9898984432220459,0.10472415387630463,-0.09557178616523743,0,-0.0017259797314181924,-0.008354270830750465,0.012126273475587368,1],[7,0.8797743916511536,0.44110623002052307,0.17726340889930725,0,0.25235816836357117,-0.11733675748109818,-0.9604932069778442,0,-0.4028799831867218,0.8897516131401062,-0.21454660594463348,0,-0.009977380745112896,-0.0032547677401453257,0.010723440907895565,1],[7,0.7554543614387512,0.632050096988678,-0.1726304441690445,0,0.009259486570954323,-0.27374985814094543,-0.9617564082145691,0,-0.6551356315612793,0.7249647974967957,-0.21265795826911926,0,-0.0054319314658641815,-0.0034349814523011446,0.013762260787189007,1],[7,0.5678695440292358,0.7484135627746582,-0.34263846278190613,0,-0.16497822105884552,-0.30433329939842224,-0.9381700158119202,0,-0.8064154386520386,0.5892865061759949,-0.04934968799352646,0,-0.0012274349573999643,-0.004626699723303318,0.014634530059993267,1],[7,0.3278487026691437,0.9401110410690308,0.09330723434686661,0,0.022410426288843155,0.09099917858839035,-0.9955986738204956,0,-0.944464385509491,0.3284968435764313,0.008765675127506256,0,-0.0023986464366316795,-0.010798127390444279,0.011621279641985893,1],[7,0.3278401792049408,0.9447034001350403,0.007529588881880045,0,0.022407110780477524,0.00019238583627156913,-0.999748706817627,0,-0.9444674849510193,0.3279266357421875,-0.021104997023940086,0,-0.002398509532213211,-0.01056607160717249,0.012633229605853558,1],[7,0.32811829447746277,0.9329146146774292,-0.148353710770607,0,0.022667784243822098,-0.16477914154529572,-0.986069917678833,0,-0.9443647265434265,0.32018473744392395,-0.07521415501832962,0,-0.0024051708169281483,-0.00911734625697136,0.014333480969071388,1],[7,0.04714031517505646,0.998860776424408,0.007413561921566725,0,0.008289815858006477,0.007030350621789694,-0.9999406933784485,0,-0.9988539218902588,0.04719899594783783,-0.007948958314955235,0,0.0001106800336856395,-0.010204344987869263,0.012641005218029022,1],[7,0.0467112772166729,0.9984821677207947,0.02918170392513275,0,0.007859417237341404,0.028845325112342834,-0.999552845954895,0,-0.9988775253295898,0.04691976308822632,-0.00650008674710989,0,0.000120863551273942,-0.011322306469082832,0.0123969204723835,1],[7,0.04548291116952896,0.9741613268852234,-0.2212262600660324,0,0.006853663362562656,-0.22175461053848267,-0.9750781655311584,0,-0.9989417195320129,0.04283320903778076,-0.016762617975473404,0,0.00014819641364738345,-0.008682313375175,0.015042568556964397,1],[7,-0.02885199338197708,0.9995541572570801,0.007662703283131123,0,0.0036354372277855873,0.00777077442035079,-0.999963104724884,0,-0.9995770454406738,-0.02882307767868042,-0.003858019597828388,0,0.00028991707949899137,-0.01018837746232748,0.012601853348314762,1],[7,-0.028641993179917336,0.9995181560516357,-0.011977529153227806,0,0.003845022991299629,-0.011872190982103348,-0.9999220371246338,0,-0.9995823502540588,-0.02868582122027874,-0.003503126557916403,0,0.00028496855520643294,-0.010747592896223068,0.01281548198312521,1],[7,-0.028753718361258507,0.999582827091217,0.002702324418351054,0,0.003734339028596878,0.0028108437545597553,-0.9999887347221375,0,-0.9995793700218201,-0.02874331921339035,-0.003813604125753045,0,0.00028767387266270816,-0.011687751859426498,0.012645203620195389,1],[7,-0.14239855110645294,0.9882836937904358,0.05493735522031784,0,-0.0033491335343569517,0.05502156540751457,-0.9984793066978455,0,-0.9898037910461426,-0.14236603677272797,-0.004525097087025642,0,0.0009496965212747455,-0.010683896951377392,0.012077989056706429,1],[7,-0.14182448387145996,0.9898791313171387,-0.005014399066567421,0,-0.002712247660383582,-0.005454170983284712,-0.999981164932251,0,-0.9898881316184998,-0.14180827140808105,0.003458332270383835,0,0.0009353632340207696,-0.010704105719923973,0.012749148532748222,1],[7,-0.1384516954421997,0.9715114831924438,-0.1923454999923706,0,0.0001529183064121753,-0.19419506192207336,-0.9809625744819641,0,-0.9903692007064819,-0.13584540784358978,0.026738060638308525,0,0.0008601063746027648,-0.00873841904103756,0.01466584112495184,1],[7,0.004192591644823551,-0.9501697421073914,0.311704158782959,0,-0.008006925694644451,-0.311728835105896,-0.950137197971344,0,0.9999589920043945,0.001487745437771082,-0.008914894424378872,0,-0.00002460406903992407,0.003273651236668229,0.01273619569838047,1],[7,-0.021091105416417122,-0.9997730255126953,-0.0029430710710585117,0,-0.016299253329634666,0.00328717939555645,-0.9998615980148315,0,0.9996446967124939,-0.02104022353887558,-0.016364887356758118,0,0.000014057518455956597,-0.0026276251301169395,0.012546524405479431,1],[7,0.1297939270734787,-0.9915371537208557,0.002698358613997698,0,-0.016607772558927536,-0.004894966725260019,-0.9998501539230347,0,0.9914019107818604,0.12972965836524963,-0.017102563753724098,0,0.0007871865527704358,-0.004999934695661068,0.012575172819197178,1],[7,0.0411359928548336,-0.9978878498077393,-0.05027230829000473,0,-0.06730315089225769,0.047433190047740936,-0.9966042637825012,0,0.9968843460083008,0.044379789382219315,-0.06520979851484299,0,0.0007213021744973958,-0.008488914929330349,0.012138091959059238,1],[7,0.8672293424606323,-0.47623124718666077,-0.14531615376472473,0,-0.22394506633281708,-0.1124066486954689,-0.9680976867675781,0,0.4447038471698761,0.8721057772636414,-0.20413203537464142,0,0.009453142993152142,-0.003609694540500641,0.01109285093843937,1],[7,0.7739341259002686,-0.6146126389503479,0.15256841480731964,0,-0.03728523850440979,-0.28473031520843506,-0.957882285118103,0,0.6321675777435303,0.7356491088867188,-0.24327851831912994,0,0.005997577216476202,-0.003121690358966589,0.013610349968075752,1],[7,0.5721738338470459,-0.7788941264152527,0.2567891478538513,0,0.18018880486488342,-0.18606685101985931,-0.9658732414245605,0,0.8000931739807129,0.5989177823066711,0.03388542681932449,0,0.0011026199208572507,-0.00633446266874671,0.013985911384224892,1],[7,0.30828121304512024,-0.9511551260948181,-0.01631937548518181,0,-0.0034627802670001984,0.016032781451940536,-0.9998654127120972,0,0.9512890577316284,0.3082961440086365,0.0016489645931869745,0,0.0019288802286610007,-0.010050492361187935,0.012501607649028301,1],[7,0.30806764960289,-0.951355516910553,0.004055266734212637,0,-0.003229763824492693,-0.005308395251631737,-0.999980628490448,0,0.9513590335845947,0.3080485165119171,-0.004708000458776951,0,0.001923532341606915,-0.01058883499354124,0.012730928137898445,1],[7,0.3067704141139984,-0.9447603821754456,0.11540799587965012,0,-0.001997996587306261,-0.12189333140850067,-0.9925411939620972,0,0.9517815113067627,0.3042515516281128,-0.03928092122077942,0,0.0018923513125628233,-0.00978594459593296,0.013969928957521915,1],[7,0.09522942453622818,-0.9949066042900085,-0.0330430306494236,0,0.009660046547651291,0.03411592170596123,-0.9993710517883301,0,0.9954085350036621,0.0948503166437149,0.012859686277806759,0,0.0001658429973758757,-0.010547924786806107,0.012362554669380188,1],[7,0.09517873823642731,-0.9954301118850708,0.007724513299763203,0,0.009717043489217758,-0.006830323953181505,-0.9999296069145203,0,0.9954129457473755,0.0952470600605011,0.009022537618875504,0,0.00016455669538117945,-0.010916170664131641,0.012820256873965263,1],[7,0.09467475116252899,-0.9889881014823914,0.11374861001968384,0,0.0101784598082304,-0.11329420655965805,-0.9935094118118286,0,0.9954562187194824,0.09521801024675369,-0.0006597255705855787,0,0.00015270215226337314,-0.01029371377080679,0.013996274210512638,1],[7,-0.0039002036210149527,-0.9993520379066467,0.035778701305389404,0,0.01596021093428135,-0.03583662211894989,-0.9992302060127258,0,0.9998652338981628,-0.003326164558529854,0.016089634969830513,0,-0.0002724529476836324,-0.009749309159815311,0.013058467768132687,1],[7,-0.002958664670586586,-0.9999714493751526,-0.006935781799256802,0,0.015032803639769554,0.00689055398106575,-0.9998631477355957,0,0.999882698059082,-0.0030625236686319113,0.01501198299229145,0,-0.0002503681171219796,-0.011057672090828419,0.012597919441759586,1],[7,-0.0034464667551219463,-0.9868033528327942,0.16188426315784454,0,0.015521418303251266,-0.161918506026268,-0.9866818189620972,0,0.999873697757721,-0.0008878929074853659,0.01587463915348053,0,-0.00026226977934129536,-0.009488818235695362,0.014405358582735062,1],[7,-0.13823151588439941,-0.9887478947639465,-0.0571756586432457,0,0.022977303713560104,0.05451269447803497,-0.9982484579086304,0,0.9901334643363953,-0.13930314779281616,0.015183394774794579,0,-0.0011713240528479218,-0.010647227056324482,0.012053130194544792,1],[7,-0.13840895891189575,-0.9903160929679871,-0.010805608704686165,0,0.0231623612344265,0.007670797407627106,-0.9997022747993469,0,0.9901044368743896,-0.13861802220344543,0.021876351907849312,0,-0.0011755973100662231,-0.01083504967391491,0.012574468739330769,1],[7,-0.1383117437362671,-0.9720296263694763,0.18981073796749115,0,0.023063620552420616,-0.1947619765996933,-0.9805793762207031,0,0.9901202321052551,-0.13124790787696838,0.04935640096664429,0,-0.0011732237180694938,-0.008720381185412407,0.01464188750833273,1],[7,-0.9968149065971375,0.07961776107549667,-0.00003623668817454018,0,-0.07960420101881027,-0.9966578483581543,0.01833493821322918,0,0.001423657056875527,0.018279630690813065,0.9998314380645752,0,0.0017236925195902586,0.006302546244114637,-0.0001749367220327258,1],[7,-0.9998714923858643,0.015340197831392288,0.0007118327193893492,0,-0.015354306437075138,-0.9994523525238037,-0.02930835261940956,0,0.00026184433954767883,-0.029315846040844917,0.9995697140693665,0,0.0014827847480773926,0.0037983739748597145,0.000005986300948279677,1],[7,-0.9998142719268799,0.0029743488412350416,-0.018485115841031075,0,-0.015028002671897411,-0.7163489460945129,0.697580099105835,0,-0.011166834272444248,0.6977356672286987,0.7162681221961975,0,0.0014826387632638216,0.001408757409080863,-0.0014222232857719064,1],[7,-0.9997509121894836,-0.013279921375215054,-0.01733120158314705,0,-0.017228519544005394,-0.007794058881700039,0.9998212456703186,0,-0.013412494212388992,0.9998809695243835,0.007563411723822355,0,0.0014870798913761973,-0.0019834088161587715,-0.000010466246749274433,1],[7,-0.9968143701553345,-0.07962927967309952,0.000014951144294172991,0,0.07962673902511597,-0.9968017339706421,0.006768511608242989,0,-0.000524063128978014,0.006748211104422808,0.9999769926071167,0,-0.0017238809959962964,0.006304027978330851,-0.00011369660205673426,1],[7,-0.9998719096183777,-0.015345868654549122,-0.0002964047889690846,0,0.015348367393016815,-0.9997825026512146,-0.014106574468314648,0,-0.00007986190030351281,-0.01410946436226368,0.999900221824646,0,-0.0014827827690169215,0.0037977872416377068,-0.00003440647560637444,1],[7,-0.9998109340667725,-0.002961575984954834,0.01868564262986183,0,0.015190576203167439,-0.7143815159797668,0.6995912194252014,0,0.011276675388216972,0.6997498869895935,0.7142987251281738,0,-0.0014830840518698096,0.0013975367182865739,-0.001433194731362164,1],[7,-0.9997535943984985,0.013169816695153713,0.017288610339164734,0,0.017188774421811104,-0.007643561344593763,0.9998229742050171,0,0.013299503363668919,0.9998838305473328,0.007415382191538811,0,-0.0014871325111016631,-0.002004652749747038,-0.00001054716449289117,1]],8,8,8,8,8,8,8,8,8,8,8,8,8,8,8,8,8,8,8,8,8,8,8,8,8,8,8,8,8,8,8,8,8,8,8,8,8,8,8,8,8,8,8,8,8,8,8,8,8,8,8,8]]],0,0,[],[],[]],[[[23,"Skin-8",3230576043,["Armature/Hips","Armature/Hips/Spine","Armature/Hips/Spine/Spine1","Armature/Hips/Spine/Spine1/Spine2","Armature/Hips/Spine/Spine1/Spine2/Neck","Armature/Hips/Spine/Spine1/Spine2/Neck/Head","Armature/Hips/Spine/Spine1/Spine2/LeftShoulder","Armature/Hips/Spine/Spine1/Spine2/LeftShoulder/LeftArm","Armature/Hips/Spine/Spine1/Spine2/LeftShoulder/LeftArm/LeftForeArm","Armature/Hips/Spine/Spine1/Spine2/LeftShoulder/LeftArm/LeftForeArm/LeftHand","Armature/Hips/Spine/Spine1/Spine2/LeftShoulder/LeftArm/LeftForeArm/LeftHand/LeftHandThumb1","Armature/Hips/Spine/Spine1/Spine2/LeftShoulder/LeftArm/LeftForeArm/LeftHand/LeftHandThumb1/LeftHandThumb2","Armature/Hips/Spine/Spine1/Spine2/LeftShoulder/LeftArm/LeftForeArm/LeftHand/LeftHandThumb1/LeftHandThumb2/LeftHandThumb3","Armature/Hips/Spine/Spine1/Spine2/LeftShoulder/LeftArm/LeftForeArm/LeftHand/LeftHandIndex1","Armature/Hips/Spine/Spine1/Spine2/LeftShoulder/LeftArm/LeftForeArm/LeftHand/LeftHandIndex1/LeftHandIndex2","Armature/Hips/Spine/Spine1/Spine2/LeftShoulder/LeftArm/LeftForeArm/LeftHand/LeftHandIndex1/LeftHandIndex2/LeftHandIndex3","Armature/Hips/Spine/Spine1/Spine2/LeftShoulder/LeftArm/LeftForeArm/LeftHand/LeftHandMiddle1","Armature/Hips/Spine/Spine1/Spine2/LeftShoulder/LeftArm/LeftForeArm/LeftHand/LeftHandMiddle1/LeftHandMiddle2","Armature/Hips/Spine/Spine1/Spine2/LeftShoulder/LeftArm/LeftForeArm/LeftHand/LeftHandMiddle1/LeftHandMiddle2/LeftHandMiddle3","Armature/Hips/Spine/Spine1/Spine2/LeftShoulder/LeftArm/LeftForeArm/LeftHand/LeftHandRing1","Armature/Hips/Spine/Spine1/Spine2/LeftShoulder/LeftArm/LeftForeArm/LeftHand/LeftHandRing1/LeftHandRing2","Armature/Hips/Spine/Spine1/Spine2/LeftShoulder/LeftArm/LeftForeArm/LeftHand/LeftHandRing1/LeftHandRing2/LeftHandRing3","Armature/Hips/Spine/Spine1/Spine2/LeftShoulder/LeftArm/LeftForeArm/LeftHand/LeftHandPinky1","Armature/Hips/Spine/Spine1/Spine2/LeftShoulder/LeftArm/LeftForeArm/LeftHand/LeftHandPinky1/LeftHandPinky2","Armature/Hips/Spine/Spine1/Spine2/LeftShoulder/LeftArm/LeftForeArm/LeftHand/LeftHandPinky1/LeftHandPinky2/LeftHandPinky3","Armature/Hips/Spine/Spine1/Spine2/RightShoulder","Armature/Hips/Spine/Spine1/Spine2/RightShoulder/RightArm","Armature/Hips/Spine/Spine1/Spine2/RightShoulder/RightArm/RightForeArm","Armature/Hips/Spine/Spine1/Spine2/RightShoulder/RightArm/RightForeArm/RightHand","Armature/Hips/Spine/Spine1/Spine2/RightShoulder/RightArm/RightForeArm/RightHand/RightHandThumb1","Armature/Hips/Spine/Spine1/Spine2/RightShoulder/RightArm/RightForeArm/RightHand/RightHandThumb1/RightHandThumb2","Armature/Hips/Spine/Spine1/Spine2/RightShoulder/RightArm/RightForeArm/RightHand/RightHandThumb1/RightHandThumb2/RightHandThumb3","Armature/Hips/Spine/Spine1/Spine2/RightShoulder/RightArm/RightForeArm/RightHand/RightHandIndex1","Armature/Hips/Spine/Spine1/Spine2/RightShoulder/RightArm/RightForeArm/RightHand/RightHandIndex1/RightHandIndex2","Armature/Hips/Spine/Spine1/Spine2/RightShoulder/RightArm/RightForeArm/RightHand/RightHandIndex1/RightHandIndex2/RightHandIndex3","Armature/Hips/Spine/Spine1/Spine2/RightShoulder/RightArm/RightForeArm/RightHand/RightHandMiddle1","Armature/Hips/Spine/Spine1/Spine2/RightShoulder/RightArm/RightForeArm/RightHand/RightHandMiddle1/RightHandMiddle2","Armature/Hips/Spine/Spine1/Spine2/RightShoulder/RightArm/RightForeArm/RightHand/RightHandMiddle1/RightHandMiddle2/RightHandMiddle3","Armature/Hips/Spine/Spine1/Spine2/RightShoulder/RightArm/RightForeArm/RightHand/RightHandRing1","Armature/Hips/Spine/Spine1/Spine2/RightShoulder/RightArm/RightForeArm/RightHand/RightHandRing1/RightHandRing2","Armature/Hips/Spine/Spine1/Spine2/RightShoulder/RightArm/RightForeArm/RightHand/RightHandRing1/RightHandRing2/RightHandRing3","Armature/Hips/Spine/Spine1/Spine2/RightShoulder/RightArm/RightForeArm/RightHand/RightHandPinky1","Armature/Hips/Spine/Spine1/Spine2/RightShoulder/RightArm/RightForeArm/RightHand/RightHandPinky1/RightHandPinky2","Armature/Hips/Spine/Spine1/Spine2/RightShoulder/RightArm/RightForeArm/RightHand/RightHandPinky1/RightHandPinky2/RightHandPinky3","Armature/Hips/LeftUpLeg","Armature/Hips/LeftUpLeg/LeftLeg","Armature/Hips/LeftUpLeg/LeftLeg/LeftFoot","Armature/Hips/LeftUpLeg/LeftLeg/LeftFoot/LeftToeBase","Armature/Hips/RightUpLeg","Armature/Hips/RightUpLeg/RightLeg","Armature/Hips/RightUpLeg/RightLeg/RightFoot","Armature/Hips/RightUpLeg/RightLeg/RightFoot/RightToeBase"],[[[7,0.9999998807907104,-4.729372449219227e-10,5.82075602995058e-11,0,4.729372449219227e-10,0.9999998807907104,-7.666187684662873e-10,0,-5.8207567238399704e-11,7.666188794885898e-10,1,0,-1.4511897239444238e-10,-0.007120975758880377,-0.00008177932613762096,1],[7,0.9999998807907104,-4.724581281756457e-10,6.197592439249888e-11,0,4.729371894107715e-10,0.9999680519104004,-0.007971914485096931,0,-5.820756376895275e-11,0.007971915416419506,0.9999681115150452,0,-1.4511897239444238e-10,-0.008379326201975346,-0.000025008912416524254,1],[7,0.9999998807907104,-4.724581281756457e-10,6.197593133139279e-11,0,4.729371894107715e-10,0.9999680519104004,-0.007971934974193573,0,-5.82075602995058e-11,0.007971935905516148,0.9999681115150452,0,-1.4511897239444238e-10,-0.009846908040344715,-0.0000250087305175839,1],[7,0.9999998807907104,-4.72401784357146e-10,6.240417210756632e-11,0,4.729372449219227e-10,0.9999604225158691,-0.008878359571099281,0,-5.820756376895275e-11,0.008878360502421856,0.9999604821205139,0,-1.4511897239444238e-10,-0.011524161323904991,-0.000014562593605660368,1],[7,1,-4.730696945287605e-10,5.712139788949244e-11,0,4.729372449219227e-10,0.9999973773956299,0.0022963236551731825,0,-5.8207567238399704e-11,-0.002296323888003826,0.9999974370002747,0,-1.451189862722302e-10,-0.013410069979727268,-0.0001627141173230484,1],[7,1,-4.730696945287605e-10,5.712139095059854e-11,0,4.729371894107715e-10,0.9999973773956299,0.0022963262163102627,0,-5.82075602995058e-11,-0.00229632668197155,0.9999973773956299,0,-1.451189862722302e-10,-0.014506145380437374,-0.0001627141173230484,1],[7,0.0010581024689599872,0.9501581192016602,-0.311766117811203,0,0.00799679383635521,-0.3117644488811493,-0.950125515460968,0,-0.9999675750732422,-0.001487799920141697,-0.007928097620606422,0,0.000024722172383917496,0.0032745194621384144,0.012735942378640175,1],[7,-0.02010353095829487,0.9997934103012085,0.0029839167837053537,0,0.01493808813393116,0.0032845542300492525,-0.9998829364776611,0,-0.9996864795684814,-0.02005660161375